shiftf8:~/workspace (project6) $ g++ QueueTest.cpp 
shiftf8:~/workspace (project6) $ ./a.out 
494 997 888 915 904 446 497 603 760 532 
473 138 801 170 874 926 651 537 283 847 
322 479 678 540 893 641 973 234 178 246 
929 913 133 169 180 278 504 567 122 153 
340 484 532 919 895 648 309 435 426 481 

122 133 138 153 169 170 178 180 234 246 
278 283 309 322 340 426 435 446 473 479 
481 484 494 497 504 532 532 537 540 567 
603 641 648 651 678 760 801 847 874 888 
893 895 904 913 915 919 926 929 973 997 